2082	2
2084	11
2086	0
2088	0
2090	1
2092	0
2094	0
2096	0
2098	0
2100	0
2102	0
2104	0
2106	0
2108	0
2110	0
2112	0
2114	0
2116	0
2118	0
2120	0
2122	1
2124	0
2126	1
2128	0
2130	0
2132	0
2134	0
2136	1
2138	0
2140	0
2142	0
2144	0
2146	0
2148	0
2150	0
2152	0
2154	0
2156	0
2158	0
2160	0
2162	0
2164	2
2166	3
2168	1
2170	2
2172	0
2174	0
2176	0
2178	0
2180	0
2182	2
2184	0
2186	1
2188	0
2190	0
2192	1
2194	0
2196	0
2198	0
2200	0
2202	0
2204	0
2206	0
2208	0
2210	0
2212	0
2214	0
2216	0
2218	0
2220	0
2222	0
2224	0
2226	0
2228	0
2230	0
2232	0
2234	0
2236	2
2238	0
2240	0
2242	0
2244	0
2246	0
2248	0
2250	0
2252	0
2254	2
2256	0
2258	0
2260	0
2262	0
2264	0
2266	0
2268	0
2270	0
2272	0
2274	0
2276	0
2278	0
2280	0
2282	0
2284	0
2286	0
2288	0
2290	0
2292	1
2294	0
2296	0
2298	0
2300	0
2302	0
2304	0
2306	0
2308	0
2310	0
2312	0
2314	0
2316	0
2318	0
2320	0
2322	1
2324	1
2326	1
2328	1
2330	1
2332	0
2334	0
2336	1
2338	2
2340	2
2342	0
2344	2
2346	0
2348	0
2350	0
2352	1
2354	1
2356	0
2358	0
2360	0
2362	0
2364	0
2366	0
2368	2
2370	2
2372	1
2374	1
2376	0
2378	1
2380	1
2382	2
2384	2
2386	0
2388	1
2390	0
2392	1
2394	0
2396	0
2398	0
2400	0
2402	0
2404	0
2406	0
2408	0
2410	0
2412	0
2414	0
2416	0
2418	0
2420	0
2422	0
2424	0
2426	0
2428	0
2430	0
2432	0
2434	0
2436	0
2438	0
2440	0
2442	0
2444	0
2446	0
2448	0
2450	0
2452	0
2454	0
2456	0
2458	0
2460	0
2462	0
2464	0
2466	0
2468	0
2470	0
2472	1
2474	3
2476	1
2478	0
2480	1
2482	0
2484	0
2486	0
2488	3
2490	1
2492	0
2494	2
2496	1
2498	0
2500	3
2502	3
2504	0
2506	0
2508	0
2510	0
2512	0
2514	0
2516	0
2518	0
2520	0
2522	0
2524	0
2526	0
2528	0
2530	0
2532	0
2534	0
2536	1
2538	0
2540	0
2542	0
2544	0
2546	0
2548	0
2550	0
2552	0
2554	0
2556	0
2558	0
2560	0
2562	0
2564	0
2566	0
2568	0
2570	0
2572	0
2574	0
2576	0
2578	0
2580	0
2582	0
2584	0
2586	2
2588	0
2590	0
2592	1
2594	1
2596	0
2598	0
2600	1
2602	0
2604	0
2606	0
2608	3
2610	0
2612	1
2614	3
2616	0
2618	1
2620	1
2622	0
2624	4
2626	1
2628	0
2630	0
2632	0
2634	2
2636	0
2638	0
2640	0
2642	0
2644	0
2646	0
2648	0
2650	0
2652	0
2654	0
2656	0
2658	0
2660	0
2662	0
2664	0
2666	1
2668	0
2670	0
2672	0
2674	0
2676	0
2678	0
2680	0
2682	0
2684	0
2686	0
2688	0
2690	0
2692	0
2694	0
2696	0
2698	0
2700	0
2702	0
2704	0
2706	0
2708	0
2710	0
2712	0
2714	0
2716	0
2718	2
2720	0
2722	0
2724	0
2726	0
2728	0
2730	0
2732	0
2734	0
2736	0
2738	0
2740	0
2742	0
2744	1
2746	0
2748	0
2750	0
2752	2
2754	4
2756	1
2758	0
2760	0
2762	0
2764	0
2766	1
2768	0
2770	0
2772	0
2774	0
2776	0
2778	0
2780	0
2782	0
2784	0
2786	0
2788	0
2790	0
2792	0
2794	0
2796	0
2798	0
2800	0
2802	0
2804	0
2806	8
2808	5
2810	4
2812	4
2814	4
2816	3
2818	2
2820	3
2822	4
2824	0
2826	0
2828	0
2830	0
2832	2
2834	1
2836	3
2838	1
2840	0
2842	2
2844	0
2846	0
2848	1
2850	1
2852	0
2854	0
2856	0
2858	0
2860	0
2862	0
2864	0
2866	0
2868	0
2870	0
2872	0
2874	0
2876	0
2878	0
2880	3
2882	4
2884	2
2886	2
2888	1
2890	3
2892	0
2894	0
2896	0
2898	0
2900	0
2902	0
2904	0
2906	0
2908	0
2910	0
2912	0
2914	3
2916	4
2918	3
2920	6
2922	3
2924	3
2926	4
2928	2
2930	2
2932	9
2934	2
2936	0
2938	1
2940	0
2942	0
2944	0
2946	0
2948	0
2950	0
2952	0
2954	0
2956	4
2958	3
2960	1
2962	0
2964	0
2966	1
2968	1
2970	1
2972	1
2974	2
2976	5
2978	1
2980	1
2982	4
2984	7
2986	3
2988	3
2990	1
2992	1
2994	5
2996	4
2998	3
3000	2
3002	1
3004	4
3006	2
3008	1
3010	1
3012	2
3014	3
3016	1
3018	2
3020	4
3022	1
3024	0
3026	0
3028	2
3030	0
3032	1
3034	0
3036	1
3038	0
3040	0
3042	1
3044	0
3046	0
3048	0
3050	0
3052	0
3054	0
3056	1
3058	1
3060	1
3062	0
3064	0
3066	0
3068	0
3070	0
3072	0
3074	0
3076	0
3078	0
3080	0
3082	0
3084	0
3086	0
3088	0
3090	0
3092	0
3094	0
3096	0
3098	0
3100	0
3102	0
3104	0
3106	0
3108	0
3110	0
3112	0
3114	0
3116	0
3118	0
3120	0
3122	0
3124	0
3126	0
3128	0
3130	0
3132	0
3134	0
3136	0
3138	0
3140	0
3142	0
3144	0
3146	0
3148	0
3150	0
3152	0
3154	0
3156	0
3158	0
3160	0
3162	0
3164	0
3166	0
3168	1
3170	1
9596	0
9598	1
9600	1
3172	0
9602	0
9604	0
9606	0
3174	0
3176	0
3178	0
3180	0
3182	0
3184	0
3186	0
3188	0
3190	0
3192	0
9592	0
9594	0
3194	0
3196	0
3198	0
3200	0
3202	0
3204	0
3206	0
3208	0
3210	0
3212	0
3214	0
3216	0
3218	0
3220	0
3222	0
3224	0
3226	0
3228	0
3230	1
3232	0
3234	0
3236	1
3238	0
3240	0
3242	5
3244	0
3246	0
3248	0
3250	0
3252	0
3254	0
3256	0
3258	0
3260	0
3262	0
3264	0
3266	0
3268	0
3270	3
3272	0
3274	0
3276	0
3278	0
3280	0
3282	0
3284	0
3286	0
3288	0
3290	0
3292	0
3294	0
3296	0
3298	0
3300	0
3302	0
3304	0
3306	0
3308	0
3310	0
3312	0
3314	0
3316	0
3318	0
3320	0
3322	0
3324	0
3326	0
3328	0
3330	0
3332	0
3334	0
3336	0
3338	0
3340	0
3342	0
3344	0
3346	0
3348	0
3350	0
3352	0
3354	0
3356	0
3358	0
3360	0
3362	0
3364	0
3366	0
3368	0
3370	0
3372	0
3374	0
3376	0
3378	0
3380	0
3382	0
3384	0
3386	0
3388	0
3390	0
3392	0
3394	0
3396	0
3398	0
3400	0
3402	0
3404	0
3406	0
3408	0
3410	0
3412	0
3414	0
3416	0
3418	0
3420	0
3422	0
3424	0
3426	0
3428	0
3430	0
3432	0
3434	0
3436	0
3438	0
3440	0
3442	0
3444	0
3446	0
3448	0
3450	0
3452	0
3454	0
3456	0
3458	0
3460	0
3462	0
3464	0
3466	0
3468	0
3470	0
3472	0
3474	0
3476	0
3478	0
3480	0
3482	0
3484	0
3486	0
3488	0
3490	0
3492	0
3494	0
3496	0
3498	0
3500	0
3502	0
3504	3
3506	1
3508	0
3510	0
3512	2
3514	0
3516	5
3518	3
3520	0
3522	1
3524	0
3526	0
3528	0
3530	0
3532	0
3534	1
3536	1
3538	2
3540	3
3542	3
3544	1
3546	0
3548	0
3550	1
3552	1
3554	1
3556	1
3558	0
3560	2
3562	1
3564	1
3566	1
3568	1
3570	0
3572	1
3574	1
3576	1
3578	1
3580	1
3582	0
3584	0
3586	2
3588	1
3590	2
3592	4
3594	3
3596	4
3598	2
3600	1
3602	1
3604	1
3606	1
3608	0
3610	2
3612	1
3614	0
3616	0
3618	1
3620	1
3622	0
3624	0
3626	0
3628	0
3630	0
3632	0
3634	0
3636	0
3638	0
3640	0
3642	2
3644	0
3646	0
3648	1
3650	3
3652	1
3654	1
3656	0
3658	0
3660	1
3662	0
3664	0
3666	2
3668	3
3670	3
3672	4
3674	3
3676	3
3678	5
3680	7
3682	3
3684	5
3686	5
3688	5
3690	7
3692	2
3694	4
3696	4
3698	5
3700	3
3702	8
3704	5
3706	6
3708	3
3710	3
3712	2
3714	2
3716	4
3718	1
3720	1
3722	1
3724	0
3726	2
3728	0
3730	2
3732	0
3734	0
3736	0
3738	2
3740	2
3742	1
3744	1
3746	0
3748	0
3750	0
3752	0
3754	1
3756	1
3758	0
3760	1
3762	0
3764	0
3766	0
3768	4
3770	2
3772	3
3774	0
3776	5
3778	2
3780	2
3782	2
3784	0
3786	1
3788	4
3790	2
3792	1
3794	1
3796	0
3798	0
3800	0
3802	3
3804	1
3806	4
3808	0
3810	0
3812	0
3814	0
3816	0
3818	0
3820	0
3822	0
3824	1
3826	0
3828	0
3830	0
3832	0
3834	0
3836	0
3838	0
3840	0
3842	0
3844	0
3846	0
3848	0
3850	0
3852	0
3854	0
3856	0
3858	0
3860	0
3862	0
3864	0
3866	0
3868	0
3870	0
3872	0
3874	0
3876	0
3878	0
3880	0
3882	0
3884	0
3886	0
3888	0
3890	0
3892	0
3894	0
3896	0
3898	0
3900	0
3902	0
3904	0
3906	2
3908	1
3910	1
3912	0
3914	0
3916	1
3918	0
3920	0
3922	1
3924	0
3926	1
3928	0
3930	0
3932	0
3934	0
3936	0
3938	0
3940	0
3942	0
3944	0
3946	0
3948	0
3950	0
3952	0
3954	0
3956	1
3958	0
3960	0
3962	0
3964	0
3966	1
3968	0
3970	0
3972	0
3974	0
3976	0
3978	0
3980	0
3982	0
3984	0
3986	0
3988	0
3990	0
3992	0
3994	0
3996	0
3998	1
4000	1
4002	0
4004	1
4006	0
4008	1
4010	1
4012	1
4014	1
4016	0
4018	0
4020	1
4022	1
4024	1
4026	1
4028	0
4030	0
4032	1
4034	0
4036	1
4038	1
4040	1
4042	1
4044	0
4046	0
4048	0
4050	0
4052	2
4054	2
4056	0
4058	0
4060	1
4062	0
4064	0
4066	0
4068	0
4070	0
4072	0
4074	0
4076	7
4078	0
4080	0
4082	0
4084	1
4086	5
4088	4
4090	2
4092	2
4094	2
4096	5
4098	2
4100	4
4102	2
4104	2
4106	1
4108	2
4110	0
4112	2
4114	1
4116	1
4118	2
4120	0
4122	0
4124	0
4126	4
4128	0
4130	1
4132	0
4134	1
4136	1
4138	1
4140	0
4142	1
4144	0
4146	1
4148	3
4150	7
4152	0
4154	0
4156	0
4158	2
4160	0
4162	0
4164	0
4166	0
4168	1
4170	0
4172	0
4174	2
4176	5
4178	8
4180	2
4182	3
4184	4
4186	3
4188	6
4190	4
4192	1
4194	1
4196	0
4198	2
4200	1
4202	1
4204	1
4206	5
4208	3
4210	2
4212	2
4214	2
4216	0
4218	15
4220	11
4222	6
4224	7
4226	0
4228	0
4230	0
4232	0
4234	0
4236	0
4238	0
4240	0
4242	0
4244	0
4246	0
4248	0
4250	0
4252	0
4254	1
4256	1
4258	1
4260	0
4262	0
4264	2
4266	2
4268	0
4270	2
4272	2
4274	3
4276	3
4278	0
4280	2
4282	1
4284	1
4286	3
4288	0
4290	1
4292	2
4294	0
4296	0
4298	0
4300	0
4302	0
4304	0
4306	1
4308	1
4310	0
4312	0
4314	2
4316	0
4318	0
4320	0
4322	1
4324	3
4326	1
4328	0
4330	0
4332	0
4334	0
4336	0
4338	0
4340	0
4342	0
4344	0
4346	0
4348	0
4350	0
4352	0
4354	0
4356	0
4358	0
4360	0
4362	0
4364	0
4366	0
4368	0
4370	9
7678	0
7680	0
7682	0
7684	9
7686	0
7688	0
7690	0
7692	0
7694	0
4372	0
4374	3
4376	1
4378	1
4380	2
4382	1
4384	1
4386	1
4388	1
4390	1
4392	0
4394	0
4396	0
4398	1
4400	1
4402	0
4404	2
4406	0
4408	0
4410	0
4412	0
4414	1
4416	0
4418	2
4420	0
4422	0
4424	0
4426	0
4428	0
4430	0
4432	0
4434	0
4436	0
4438	0
4440	0
4442	0
4444	0
4446	0
4448	2
4450	0
4452	0
4454	0
4456	0
4458	0
4460	0
4462	0
4464	0
4466	0
4468	0
4470	0
4472	0
4474	0
4476	0
4478	0
4480	4
4482	2
4484	0
4486	0
4488	0
4490	0
4492	0
4494	0
4496	0
4498	0
4500	0
4502	0
4504	0
4506	0
4508	0
4510	0
4512	4
4514	2
4516	3
4518	2
4520	0
4522	0
4524	7
4526	0
4528	0
4530	0
4532	0
4534	0
4536	0
4538	1
4540	0
4542	0
4544	0
4546	0
4548	0
4550	0
4552	0
4554	0
4556	0
4558	0
4560	0
4562	0
4564	0
4566	0
4568	0
4570	0
4572	0
4574	0
4576	0
4578	0
4580	0
4582	0
4584	0
4586	0
4588	1
4590	1
4592	0
4594	1
4596	0
4598	0
4600	0
4602	2
4604	2
4606	1
4608	1
4610	1
4612	3
4614	0
4616	0
4618	0
4620	0
4622	0
4624	0
4626	0
4628	0
4630	0
4632	0
4634	0
4636	0
4638	0
4640	0
4642	0
4644	0
4646	0
4648	0
4650	0
4652	0
4654	0
4656	2
4658	1
4660	1
4662	1
4664	0
4666	1
4668	1
4670	0
4672	4
4674	0
4676	1
4678	3
4680	0
4682	1
4684	3
4686	1
4688	1
4690	0
4692	0
4694	1
4696	0
4698	1
4700	0
4702	0
4704	0
4706	2
4708	0
4710	0
4712	0
4714	0
4716	0
4718	0
4720	0
4722	0
4724	0
4726	0
4728	0
4730	0
4732	2
4734	0
4736	1
4738	1
4740	0
4742	0
4744	0
4746	0
4748	0
4750	0
4752	0
4754	0
4756	0
4758	0
4760	0
4762	1
4764	0
4766	0
4768	0
4770	0
4772	0
4774	0
4776	0
4778	0
4780	0
4782	0
4784	0
4786	0
4788	0
4790	0
4792	0
4794	0
4796	0
4798	0
4800	0
4802	0
4804	0
4806	0
4808	1
4810	0
4812	0
4814	0
4816	0
4818	3
4820	0
4822	0
4824	0
4826	0
4828	0
4830	0
4832	4
4834	0
4836	0
4838	0
4840	4
4842	0
4844	0
4846	0
4848	0
4850	0
4852	0
4854	0
4856	1
4858	2
4860	5
4862	1
4864	1
4866	1
4868	2
4870	2
4872	4
4874	1
4876	1
4878	1
4880	3
4882	0
4884	3
4886	4
4888	0
4890	0
4892	0
4894	0
4896	0
4898	6
4900	3
4902	1
4904	1
4906	1
4908	0
4910	3
4912	2
4914	7
4916	7
4918	2
4920	5
4922	3
4924	1
4926	3
4928	2
4930	4
4932	4
4934	2
4936	2
4938	2
4940	2
4942	1
4944	1
4946	3
4948	1
4950	0
4952	0
4954	0
4956	0
4958	1
4960	0
4962	0
4964	0
4966	0
4968	1
4970	0
4972	2
4974	1
4976	0
4978	1
4980	0
4982	0
4984	1
4986	0
4988	0
4990	0
4992	0
4994	1
4996	0
4998	0
5000	0
5002	1
5004	3
5006	4
5008	2
5010	7
5012	4
5014	4
5016	3
5018	5
5020	3
5022	5
5024	3
5026	3
5028	4
5030	2
5032	6
5034	1
5036	4
5038	4
5040	2
5042	1
5044	0
5046	3
5048	1
5050	1
5052	3
5054	1
5056	2
5058	0
5060	0
5062	1
5064	0
5066	1
5068	0
5070	2
5072	4
5074	0
5076	7
5078	2
5080	2
5082	1
5084	2
5086	1
5088	1
5090	1
5092	1
5094	2
5096	1
5098	0
5100	0
5102	0
5104	0
5106	0
5108	0
5110	0
5112	0
5114	0
5116	0
5118	1
5120	0
5122	4
5124	1
5126	1
5128	0
5130	0
5132	0
5134	0
5136	2
5138	0
5140	0
5142	0
5144	0
5146	0
5148	0
5150	0
5152	4
5154	3
5156	0
5158	1
5160	1
5162	0
5164	0
5166	0
5168	0
5170	2
5172	1
5174	0
5176	0
5178	1
5180	1
5182	4
5184	3
5186	0
5188	0
5190	2
5192	1
5194	1
5196	1
5198	0
5200	0
5202	0
5204	0
5206	0
5208	3
5210	0
5212	0
5214	1
5216	0
5218	0
5220	2
5222	0
5224	0
5226	2
5228	1
5230	1
5232	2
5234	0
5236	0
5238	0
5240	0
5242	0
5244	0
5246	0
5248	0
5250	0
5252	0
5254	0
5256	0
5258	0
5260	0
5262	0
5264	0
5266	0
5268	0
5270	0
5272	2
5274	1
5276	1
5278	0
5280	0
5282	1
5284	1
5286	1
5288	0
5290	5
5292	3
5294	2
5296	2
5298	2
5300	0
5302	5
5304	2
5306	4
5308	0
5310	1
5312	1
5314	0
5316	7
5318	6
5320	5
5322	5
5324	4
5326	1
5328	0
5330	0
5332	1
5334	0
5336	1
5338	1
5340	1
5342	0
5344	1
5346	1
5348	0
5350	0
5352	1
5354	3
5356	1
5358	0
5360	2
5362	0
5364	0
5366	2
5368	1
5370	1
5372	1
5374	3
5376	4
5378	0
5380	3
5382	1
5384	2
5386	0
5388	1
5390	1
5392	2
5394	3
5396	2
5398	1
5400	1
5402	2
5404	1
5406	1
5408	1
5410	2
5412	1
5414	0
5416	0
5418	0
5420	0
5422	0
5424	0
5426	0
5428	0
5430	0
5432	0
5434	1
5436	2
5438	8
5440	1
5442	0
5444	2
5446	1
5448	2
5450	1
5452	0
5454	1
5456	0
5458	0
5460	0
5462	0
5464	0
5466	0
5468	0
5470	0
5472	0
5474	0
5476	1
5478	0
5480	0
5482	0
5484	0
5486	0
5488	0
5490	0
5492	0
5494	0
5496	0
5498	1
5500	0
5502	1
5504	0
5506	0
5508	2
5510	1
5512	0
5514	0
5516	0
5518	1
5520	2
5522	1
5524	2
5526	4
5528	6
5530	2
5532	3
5534	2
5536	2
5538	2
5540	5
5542	4
5544	2
5546	3
5548	3
5550	4
5552	2
5554	3
5556	4
5558	2
5560	3
5562	4
5564	5
5566	3
5568	0
5570	0
5572	0
5574	0
5576	3
5578	1
5580	1
5582	1
5584	2
5586	0
5588	2
5590	3
5592	1
5594	1
5596	2
5598	0
5600	0
5602	0
5604	0
5606	1
5608	0
5610	0
5612	0
5614	0
5616	0
5618	0
5620	0
5622	0
5624	0
5626	0
5628	0
5630	0
5632	4
5634	4
5636	3
5638	4
5640	1
5642	1
5644	1
5646	0
5648	1
5650	2
5652	3
5654	1
5656	2
5658	1
5660	1
5662	3
5664	5
5666	0
5668	1
5670	0
5672	1
5674	2
5676	2
5678	2
5680	0
5682	2
5684	1
5686	0
5688	1
5690	4
5692	1
5694	1
5696	2
5698	0
5700	0
5702	4
5704	2
5706	2
5708	0
5710	0
5712	5
5714	0
5716	0
5718	1
5720	0
5722	0
5724	1
5726	3
5728	1
5730	0
5732	0
5734	0
5736	1
5738	0
5740	0
5742	0
5744	0
5746	0
5748	0
5750	0
5752	0
5754	0
5756	0
5758	0
5760	1
5762	0
5764	0
5766	2
5768	2
5770	0
5772	10
5774	2
5776	2
5778	1
5780	0
5782	1
5784	1
5786	1
5788	3
5790	0
5792	0
5794	2
5796	0
5798	1
5800	1
5802	0
5804	4
5806	0
5808	0
5810	0
5812	0
5814	0
5816	0
5818	1
5820	2
5822	0
5824	0
5826	0
5828	0
5830	0
5832	0
5834	0
5836	0
5838	0
5840	0
5842	0
5844	0
5846	0
5848	0
5850	0
5852	0
5854	0
5856	0
5858	0
5860	0
5862	0
5864	0
5866	0
5868	0
5870	0
5872	0
5874	0
5876	6
5878	3
5880	0
5882	0
5884	1
5886	1
5888	2
5890	1
5892	1
5894	1
5896	0
5898	0
5900	1
5902	0
5904	0
5906	0
5908	0
5910	0
5912	0
5914	0
5916	0
5918	0
5920	0
5922	0
5924	0
5926	0
5928	0
5930	0
5932	0
5934	0
5936	0
5938	4
5940	0
5942	1
5944	1
5946	1
5948	0
5950	0
5952	0
5954	0
5956	0
5958	0
5960	0
5962	0
5964	0
5966	0
5968	0
5970	0
5972	0
5974	0
5976	0
5978	0
5980	0
5982	0
5984	0
5986	0
5988	0
5990	1
5992	0
5994	0
5996	0
5998	1
6000	0
6002	0
6004	0
6006	0
6008	0
6010	0
6012	0
6014	0
6016	0
6018	0
6020	0
6022	0
6024	0
6026	0
6028	0
6030	0
6032	0
6034	0
6036	0
6038	0
6040	0
6042	0
6044	0
6046	0
6048	0
6050	0
6052	0
6054	0
6056	0
6058	0
6060	0
6062	0
6064	0
6066	0
6068	0
6070	0
6072	0
6074	0
6076	0
6078	0
6080	0
6082	0
6084	0
6086	0
6088	0
6090	0
6092	0
6094	0
6096	0
6098	0
6100	0
6102	0
6104	0
6106	0
6108	0
6110	0
6112	0
6114	0
6116	0
6118	0
6120	1
6122	0
6124	0
6126	0
6128	0
6130	1
6132	0
6134	1
6136	0
6138	0
6140	0
6142	0
6144	3
6146	0
6148	2
6150	0
6152	0
6154	2
6156	3
6158	0
6160	0
6162	0
6164	0
6166	0
6168	0
6170	0
6172	0
6174	0
6176	0
6178	0
6180	0
6182	0
6184	0
6186	0
6188	0
6190	0
6192	0
6194	0
6196	0
6198	0
6200	0
6202	0
6204	0
6206	0
6214	4
6216	0
6218	6
6220	0
6222	0
6224	0
6226	0
6228	0
6230	0
6232	0
6234	0
6236	0
6238	0
6240	0
6242	1
6244	1
6246	0
6248	6
6250	0
6252	5
6254	9
6256	7
6258	7
6260	6
6262	6
6264	6
6266	4
6268	7
6270	5
6272	6
6274	8
6276	4
6278	5
6280	5
6282	4
6284	6
6286	4
6288	6
6290	8
6292	8
6294	6
6296	6
6298	6
6300	8
6302	7
6304	7
6306	6
6308	6
6310	5
6312	0
6314	0
6316	2
6318	2
6320	1
6322	1
6324	2
6326	1
6328	1
6330	4
6332	1
6334	1
6336	2
6338	1
6340	0
6342	0
6344	1
6346	1
6352	2
6354	2
6356	2
6358	2
6360	2
6362	1
6364	1
6366	1
6368	1
6370	1
6372	1
6374	1
6376	1
6378	1
6380	1
6382	1
6384	1
6386	1
6388	1
6390	1
6392	1
6394	1
6396	1
6398	1
6400	1
6402	1
6404	1
6406	1
6408	0
6410	0
6412	0
6414	0
6416	0
6418	0
6420	0
6422	0
6424	0
6426	0
6428	0
6430	0
6432	0
6434	0
6436	0
6438	0
6440	0
6442	0
6444	0
6446	0
6448	0
6450	0
6452	0
6458	24
6460	23
6462	1
6464	21
6466	2
6468	21
6470	22
6472	1
6474	3
6476	2
6478	1
6480	24
6482	2
6484	2
6486	3
6488	0
6490	0
6492	3
6494	0
6496	2
6498	3
6500	0
6502	2
6504	0
6506	0
6508	2
6510	0
6512	0
6514	0
6516	1
6518	0
6520	2
6522	2
6524	2
6526	1
6528	2
6530	4
6532	1
6534	0
6536	0
6538	0
6540	2
6542	1
6544	1
6558	0
6560	0
6562	0
6564	0
6566	0
6568	0
6570	0
6572	0
6574	0
6576	0
6578	0
6580	0
6582	0
6584	0
6586	0
6588	0
6590	0
6592	0
6594	0
6596	0
6598	0
6602	1
6604	1
6606	4
6608	1
6610	0
6612	0
6614	0
6616	1
6618	0
6620	12
6622	0
6624	0
6626	0
6628	1
6630	1
6632	0
6634	1
6636	0
6638	0
6640	3
6642	0
6644	0
6646	0
6648	0
6650	3
6652	1
6662	0
6664	0
6666	0
6668	0
6670	1
6672	0
6674	0
6676	0
6678	0
6680	0
6682	0
6684	1
6686	0
6688	1
6690	0
6692	2
6694	0
6696	3
6698	3
6700	3
6702	2
6704	2
6706	2
6708	4
6710	3
6712	3
6714	4
6716	3
6718	1
6720	1
6722	1
6740	2
6742	2
6744	2
6746	2
6748	1
6750	3
6752	2
6754	1
6756	2
6758	4
6760	1
6762	3
6764	4
6766	4
6768	6
6770	2
6772	5
6774	3
6776	2
6778	1
6780	2
6782	1
6784	1
6786	1
6788	2
6790	0
6792	3
6794	0
6796	0
6798	1
6800	18
6802	5
6804	7
6806	5
6808	21
6810	3
6812	15
6814	2
6816	1
6818	18
6820	3
6822	3
6824	18
6826	6
6832	0
6834	0
6836	4
6838	1
6840	1
6842	1
6844	2
6846	3
6848	1
6850	3
6852	5
6854	1
6856	3
6858	1
6860	3
6862	2
6864	1
6866	2
6868	1
6870	1
6872	1
6874	2
6876	0
6878	1
6880	2
6882	3
6884	3
6886	0
6888	2
6890	3
6892	0
6894	0
6896	1
6898	1
6900	1
6902	1
6904	1
6906	1
6908	1
6910	1
6912	2
6914	4
6916	0
6918	2
6920	0
6922	0
6924	9
6926	7
6928	4
6930	0
6932	4
6934	4
6936	0
6938	2
6940	0
6942	0
6944	0
6946	4
6948	1
6950	0
6952	1
6954	4
6956	1
6958	1
6960	5
6962	5
6964	4
6966	6
6968	5
6970	1
6972	1
6974	1
6976	2
6978	11
6980	3
6982	3
6984	8
6986	6
6988	2
6990	1
6992	1
6994	0
6996	11
6998	4
7000	5
7002	0
7004	0
7006	0
7008	4
7010	4
7012	0
7014	2
7016	10
7018	2
7020	3
7022	1
7024	3
7026	2
7028	3
7030	1
7032	1
7054	1
7056	0
7058	2
7060	0
7062	0
7064	2
7066	0
7068	0
7070	1
7072	1
7074	1
7076	3
7078	1
7080	1
7082	0
7084	0
7086	1
7088	1
7090	0
7092	0
7094	1
7096	0
7098	1
7100	0
7102	1
7104	2
7106	0
7108	1
7110	4
7112	2
7114	2
7116	2
7118	0
7120	0
7122	0
7124	0
7126	0
7128	0
7130	6
7132	5
7134	4
7136	0
7138	3
7140	2
7142	1
7144	2
7146	0
7148	3
7150	0
7152	0
7154	0
7156	0
7158	0
7160	1
7162	0
7164	1
7166	0
7168	0
7170	1
7172	1
7174	0
7176	0
7178	0
7180	1
7182	3
7184	3
7186	1
7188	0
7190	1
7192	0
7194	4
7196	0
7198	6
7200	3
7202	2
7204	1
7206	1
7208	2
7210	2
7212	3
7214	1
7216	2
7218	0
7220	0
7222	0
7224	0
7226	0
7228	1
7230	1
7232	0
7234	0
7236	2
7238	0
7240	0
7242	1
7244	1
7246	1
7248	0
7250	1
7252	1
7254	0
7256	1
7258	0
7260	1
7262	0
7264	1
7266	0
7268	0
7270	0
7272	0
7274	1
7276	2
7278	0
7280	0
7282	1
7284	1
7286	1
7288	1
7290	1
7292	2
7294	4
7296	3
7298	4
7300	4
7302	3
7304	2
7306	2
7308	1
7310	2
7312	1
7314	1
7316	3
7318	3
7320	2
7322	4
7324	4
7326	4
7328	5
7330	7
7332	4
7334	5
7336	5
7338	5
7340	3
7342	3
7344	1
7346	0
7348	0
7350	0
7352	0
7354	0
7356	0
7358	0
7360	1
7362	0
7364	0
7366	0
7368	1
7370	1
7380	5
7382	1
7384	2
7386	3
7388	1
7390	3
7392	1
7394	2
7396	2
7398	1
7400	1
7402	1
7404	2
7406	2
7408	1
7410	1
7412	1
7414	0
7416	0
7418	0
7420	2
7422	2
7424	6
7426	5
7428	5
7430	2
7432	4
7434	5
7436	2
7438	1
7440	2
7442	1
7444	1
7446	0
7448	0
7450	0
7452	0
7454	0
7456	0
7458	2
7460	0
7462	0
7464	1
7466	0
7468	0
7470	1
7472	0
7474	1
7476	3
7478	0
7480	0
7482	1
7484	0
7486	1
7488	1
7490	0
7492	0
7494	1
7496	0
7498	2
7500	1
7502	0
7504	1
7506	0
7508	2
7510	0
7512	0
7514	0
7516	0
7518	0
7520	0
7522	0
7524	0
7526	2
7528	0
7530	0
7532	0
7534	1
7536	1
7538	1
7540	0
7542	0
7544	0
7546	0
7548	0
7550	0
7552	0
7554	0
7556	0
7558	0
7560	1
7562	1
7564	2
7566	0
7568	0
7570	2
7572	0
7574	0
7576	1
7578	1
7580	0
7582	3
7584	15
7586	8
7588	10
7590	15
7592	15
7594	9
7596	15
7598	14
7600	21
7602	16
7604	13
7606	20
7608	17
7610	20
7612	18
7614	21
7616	8
7618	7
7620	2
7622	3
7624	3
7626	2
7628	2
7630	0
7632	1
7634	1
7636	0
7638	2
7640	2
7642	0
7644	1
7646	3
7648	3
7650	1
7652	0
7654	0
7656	4
7658	0
7660	1
7662	0
7664	1
7668	5
7670	2
7672	0
7674	0
7676	0
7696	1
7698	2
7700	3
7702	2
7704	0
7706	3
7708	3
7710	3
7712	1
7714	0
7716	5
7718	0
7720	1
7722	5
7724	3
7726	3
7728	2
7730	3
7732	0
7734	1
7736	2
7738	0
7740	1
7742	7
7746	5
7748	0
7750	0
7752	1
7754	2
7756	2
7758	3
7760	1
7762	5
7764	4
7766	5
7768	2
7770	2
7772	0
7774	0
7776	1
7778	0
7780	0
7782	3
7784	0
7786	1
7788	0
7790	0
7792	5
7794	2
7796	0
7798	0
7800	0
7802	0
7804	0
7806	2
7808	1
7810	0
7812	0
7814	1
7816	1
7818	0
7820	1
7822	1
7824	7
7826	2
7828	2
7830	1
7832	2
7834	1
7836	1
7838	1
7840	2
7842	3
7844	1
7846	1
7848	3
7850	2
7852	2
7854	2
7856	1
7858	1
7860	3
7862	0
7864	0
7866	0
7868	1
7870	5
7872	1
7874	1
7876	0
7878	1
7880	1
7882	1
7884	1
7886	4
7888	7
7890	6
7892	6
7894	7
7896	5
7898	5
7900	4
7902	4
7904	4
7906	5
7908	4
7910	3
7912	2
7914	2
7916	3
7918	2
7920	1
7922	0
7924	3
7926	1
7928	0
7930	4
7932	1
7944	9
7946	6
7948	5
7950	3
7952	2
7954	3
7956	2
7958	3
7960	4
7962	2
7964	2
7966	2
7968	4
7970	2
7972	3
7974	2
7976	4
7978	1
7980	1
7982	1
7984	1
7986	2
7988	1
7990	2
7992	2
7994	2
7996	2
7998	2
8000	1
8002	1
8004	3
8006	1
8018	0
8020	4
8022	0
8024	1
8026	0
8028	1
8030	1
8032	0
8034	4
8036	2
8038	1
8040	1
8042	1
8044	3
8046	4
8048	3
8050	4
8052	3
8054	2
8056	1
8058	1
8060	2
8062	6
8064	6
8066	4
8068	5
8070	5
8072	4
8074	4
8076	5
8078	4
8080	6
8082	3
8084	1
8086	1
8088	0
8090	1
8092	2
8094	1
8096	1
8098	2
8100	2
8102	1
8104	2
8106	2
8108	1
8110	2
8112	2
8114	2
8116	1
8118	2
8120	2
8122	2
8124	1
8126	1
8128	3
8130	2
8132	3
8134	1
8136	2
8138	2
8140	2
8142	1
8144	2
8146	4
8148	2
8150	2
8152	1
8154	1
8156	2
8158	1
8160	0
8162	0
8164	0
8166	2
8168	1
8170	0
8172	1
8174	0
8176	0
8178	0
8180	1
8182	0
8184	1
8186	0
8188	2
8190	1
8192	2
8194	2
8196	1
8198	1
8200	1
8202	1
8204	0
8206	0
8208	1
8210	1
8212	1
8214	2
8216	4
8222	1
8224	0
8226	1
8228	3
8230	0
8232	3
8234	1
8236	0
8238	0
8240	1
8242	1
8294	2
8244	2
8246	4
8248	0
8250	0
8252	0
8254	0
8256	2
8258	0
8260	2
8262	1
8264	1
8266	2
8268	1
8270	1
8272	0
8274	1
8276	1
8278	0
8280	1
8282	1
8284	1
8286	0
8288	0
8290	0
8292	1
8296	5
8298	0
8300	0
8302	0
8304	2
8306	1
8308	2
8310	0
8312	0
8314	0
8316	1
8318	1
8324	0
8326	0
8328	0
8330	0
8332	0
8334	0
8336	0
8338	0
8340	0
8342	0
8344	0
8346	2
8348	1
8350	0
8352	0
8354	0
8356	2
8358	1
8360	2
8362	3
8364	2
8366	3
8368	0
8370	3
8372	1
8374	1
8376	1
8378	1
8380	2
8382	3
8384	4
8386	5
8388	2
8390	3
8392	1
8394	1
8396	1
8398	4
8400	1
8402	2
8404	1
8406	1
8408	3
8410	4
8412	5
8414	0
8416	2
8418	3
8420	3
8422	3
8424	2
8426	1
8428	2
8430	2
8432	2
8434	1
8436	6
8438	7
8440	5
8442	8
8444	5
8446	6
8448	4
8450	5
8452	5
8454	2
8456	1
8458	3
8460	1
8462	1
8464	0
8466	1
8468	9
8470	15
8472	8
8474	4
8476	6
8478	3
8480	6
8482	4
8484	3
8486	2
8488	3
8490	1
8492	2
8494	1
8496	1
8498	2
8500	13
8502	5
8504	3
8506	4
8508	6
8510	1
8512	2
8514	3
8516	17
8518	8
8520	6
8522	0
8524	2
8526	1
8528	0
8530	0
8532	0
8534	3
8536	2
8538	0
8540	0
8542	2
8544	8
8546	5
8548	3
8550	3
8552	4
8554	2
8556	2
8558	2
8560	3
8562	3
8564	3
8568	34
8570	4
8572	5
8574	2
8576	2
8578	1
8580	1
8582	1
8584	2
8586	2
8588	2
8590	1
8592	2
8594	2
8596	7
8598	4
8600	5
8602	2
8604	5
8606	3
8608	2
8610	1
8612	2
8614	3
8616	2
8618	0
8620	5
8622	0
8624	1
8626	3
8628	0
8630	1
8632	0
8634	3
8636	0
8638	0
8640	0
8642	0
8644	0
8646	2
8648	9
8650	5
8652	2
8654	1
8656	3
8658	2
8660	4
8662	5
8664	0
8666	3
8672	5
8674	1
8676	3
8678	4
8680	1
8682	3
8684	3
8686	3
8688	1
8690	2
8692	0
8694	0
8696	0
8698	1
8700	1
8702	2
8704	2
8706	1
8708	0
8710	2
8712	0
8714	0
8716	1
8718	2
8720	1
8722	6
8724	0
8726	1
8728	1
8730	1
8732	1
8734	1
8736	0
8738	1
8740	0
8742	0
8744	0
8746	0
8748	0
8750	0
8752	1
8754	0
8756	0
8758	0
8760	1
8762	0
8764	0
8766	1
8768	1
8770	2
8772	1
8774	0
8776	0
8778	0
8780	1
8782	0
8784	0
8786	0
8788	0
8790	0
8792	0
8794	0
8796	0
8798	0
8800	0
8802	0
8804	0
8806	0
8808	0
8810	0
8812	0
8814	0
8816	0
8818	0
8820	0
8822	0
8824	0
8826	0
8828	0
8830	0
8832	0
8834	0
8836	0
8838	0
8840	0
8842	0
8844	0
8846	0
8848	0
8850	0
8852	0
8854	0
8856	0
8858	0
8860	0
8862	0
8864	0
8866	0
8868	1
8870	0
8872	0
8874	1
8876	0
8878	1
8880	2
8882	2
8884	1
8886	1
8888	1
8890	1
8892	0
8894	3
8896	0
8898	0
8900	1
8902	1
8904	1
8906	0
8908	1
8910	2
8914	3
8916	3
8918	1
8920	2
8922	1
8924	0
8926	0
8928	0
8930	1
8932	1
8934	0
8936	0
8938	3
8940	5
8942	2
8944	3
8946	3
8948	1
8950	15
8952	4
8954	5
8956	5
8958	2
8960	4
8962	4
8964	5
8966	2
8968	2
8970	3
8972	2
8974	0
8976	2
8978	1
8980	2
8982	0
8984	1
8986	2
8988	0
8990	0
8992	0
8994	1
8996	1
8998	3
9000	7
9002	4
9004	5
9006	4
9008	3
9010	5
9012	5
9014	4
9016	4
9018	1
9020	1
9022	2
9024	2
9026	1
9028	1
9030	1
9032	1
9034	0
9036	0
9038	0
9040	1
9042	1
9044	0
9046	3
9048	0
9050	0
9052	0
9054	0
9056	2
9058	4
9060	2
9062	2
9064	1
9066	2
9068	3
9070	1
9072	0
9074	2
9076	0
9078	0
9080	1
9082	0
9084	1
9094	1
9096	0
9098	0
9100	0
9102	1
9104	1
9106	1
9108	0
9110	0
9112	0
9114	0
9116	1
9118	1
9120	1
9122	1
9124	1
9126	1
9128	0
9130	0
9132	1
9134	0
9136	1
9138	0
9140	0
9142	1
9144	0
9146	0
9148	0
9150	0
9152	1
9154	1
9156	0
9158	0
9160	2
9162	0
9164	0
9166	0
9168	1
9170	1
9172	1
9174	0
9176	0
9178	1
9180	0
9182	0
9184	0
9186	0
9188	6
9190	8
9192	11
9194	8
9196	19
9198	17
9200	13
9202	12
9204	12
9206	13
9208	5
9210	9
9212	4
9214	5
9216	8
9218	4
9220	4
9222	5
9224	4
9226	10
9228	8
9230	13
9232	10
9234	8
9236	12
9238	9
9240	10
9242	6
9244	7
9246	4
9248	3
9250	5
9252	3
9254	6
9256	4
9258	10
9260	5
9262	0
9264	1
9266	0
9268	5
9270	1
9272	1
9274	0
9276	1
9278	0
9280	2
9282	2
9284	1
9286	4
9288	2
9290	1
9292	2
9294	1
9296	3
9298	1
9300	2
9302	1
9304	1
9306	2
9308	2
9310	3
9312	5
9314	1
9316	2
9318	1
9320	4
9322	1
9324	2
9326	2
9328	1
9330	1
9332	0
9334	0
9336	1
9338	2
9340	1
9342	0
9344	0
9346	0
9348	0
9352	0
9354	0
9356	1
9358	0
9360	0
9362	0
9364	0
9366	1
9368	0
9370	1
9372	1
9374	0
9376	0
9378	0
9380	0
9382	2
9384	1
9386	1
9388	1
9390	1
9392	1
9394	1
9396	1
9398	1
9400	1
9402	3
9404	2
9406	1
9408	1
9410	2
9412	1
9414	2
9418	0
9420	0
9422	1
9424	1
9426	0
9428	0
9430	0
9432	0
9434	2
9436	0
9438	1
9440	0
9442	2
9444	2
9446	0
9448	1
9450	1
9452	1
9454	3
9456	2
9458	1
9460	1
9462	0
9464	1
9466	0
9468	1
9470	2
9472	0
9474	0
9476	1
9478	4
9480	3
9482	3
9484	5
9486	5
9488	2
9490	8
9492	4
9494	3
9496	4
9498	0
9500	4
9502	6
9504	3
9506	6
9508	1
9510	1
9512	2
9514	2
9516	3
9518	0
9520	1
9522	1
9524	1
9526	0
9528	0
9530	1
9532	2
9534	0
9536	1
9538	3
9540	1
9542	0
9544	4
9546	2
9548	1
9550	4
9552	3
9554	1
9556	1
9558	3
9560	1
9562	2
9564	0
9566	0
9568	0
9570	0
9572	1
9574	0
9576	3
9578	0
9580	0
9582	0
9584	2
9586	1
9588	0
9590	0
9608	2
9610	0
9612	1
9614	0
9616	0
9618	0
9620	0
9622	1
9624	0
9626	0
9628	0
9630	2
9632	0
9634	0
9636	3
9638	3
9640	1
9642	2
9644	1
9646	1
9648	4
9650	1
9652	1
9654	1
9656	1
9658	3
9660	3
9662	1
9664	2
9666	1
9668	3
9670	1
9672	1
9674	1
9676	1
9678	1
9680	1
9682	1
9684	0
9686	0
9688	0
9690	1
9692	2
9694	0
9696	0
9698	6
9700	2
9702	3
9704	9
9706	7
9708	6
9710	5
9712	4
9714	1
9718	3
9720	3
9722	4
9724	2
9726	2
9728	2
9730	2
9732	1
9734	2
9736	2
9738	2
9740	1
9742	1
9744	1
9746	0
9748	0
9750	0
9752	1
9754	0
9756	1
9758	0
9760	0
9762	0
9764	0
9766	1
9768	0
9770	0
9772	3
9774	2
9776	2
9778	3
9780	2
9782	3
9784	0
9786	3
9788	1
9790	2
9792	0
9794	0
9796	2
9798	0
9800	0
9802	0
9804	0
9806	0
9808	0
9810	0
9812	0
9814	0
9816	0
9818	0
9820	0
9822	0
9824	0
9826	0
9828	0
9830	0
9832	0
9834	0
9836	0
9838	0
9840	0
9842	8
9844	6
9846	0
9848	0
9850	0
9852	1
9854	0
9856	0
9858	0
9860	0
9862	1
9864	0
9866	0
9868	0
9870	1
9872	0
9874	0
9876	2
9878	0
9880	2
9882	1
9884	0
9886	0
9888	0
9890	0
9892	0
9894	1
9896	0
9898	0
9900	0
9902	0
9904	0
9906	0
9908	0
9910	0
9914	2
9916	5
9918	4
9920	2
9922	2
9924	1
9926	2
9928	1
9930	1
9932	1
9934	1
9936	2
9938	5
9940	0
9942	5
9944	4
9946	1
9948	1
9950	1
9952	1
9954	1
9956	1
9958	1
9960	1
9962	0
9964	0
9968	2
9970	1
9972	1
9974	1
9976	2
9978	0
9980	0
9982	0
9984	0
9986	0
9988	1
9990	0
9992	0
9994	0
9996	1
9998	1
10000	3
10002	0
10004	0
10006	0
10008	0
10010	1
10012	0
10014	0
10016	0
10018	0
10020	0
10022	2
10024	0
10028	1
10030	1
10032	2
10034	1
10036	1
10038	2
10040	3
10042	0
10044	0
10046	0
10048	0
10050	0
10052	0
10054	1
10056	0
10058	1
10060	0
10062	0
10064	0
10066	0
10068	0
10070	1
10072	1
10074	0
10076	0
10078	0
10080	0
10082	0
10084	0
10086	0
10088	0
10090	0
10092	0
10094	1
10096	0
10098	0
10102	2
10104	2
10106	2
10108	1
10110	2
10112	2
10114	1
10116	0
10118	1
10120	0
10122	0
10124	0
10126	3
10128	3
10130	3
10132	3
10134	3
10136	3
10138	2
10140	2
10142	3
10144	2
10146	1
10148	1
10150	1
10152	2
10154	4
10156	3
10158	4
10160	3
10162	0
10164	0
10166	0
10168	0
10170	0
10172	2
10174	0
10176	2
10178	2
10180	2
10182	2
10184	4
10186	2
10188	2
10190	0
10192	2
10194	0
10196	0
10198	0
10200	0
10202	0
10204	0
10206	0
10208	0
10210	0
10212	0
10214	0
10216	0
10218	0
10220	0
10226	4
10228	4
10230	4
10232	4
10234	3
10236	4
10238	0
10240	0
10242	1
10244	0
10246	1
10248	0
10250	3
10252	5
10254	1
10256	7
10258	11
10260	8
10262	6
10264	9
10266	6
10268	7
10270	6
10272	1
10274	1
10276	1
10278	0
10280	1
10282	0
10284	1
10286	1
10290	0
10292	0
10294	0
10296	0
10298	0
10300	0
10302	0
10304	0
10306	1
10308	0
10310	0
10312	0
10314	0
10316	0
10318	0
10320	0
10322	0
10324	0
10326	0
10328	0
10330	0
10332	0
10334	0
10336	0
10338	0
10342	1
10344	2
10346	2
10348	2
10350	2
10352	2
10354	2
10356	2
10358	2
10360	2
10362	2
10364	2
10366	2
10368	2
10370	2
10372	2
10374	2
10376	2
10378	2
10380	2
10382	2
10384	3
10386	3
10388	2
10390	2
10392	2
10394	2
10396	2
10398	2
10400	2
10402	2
10404	2
10406	2
10408	2
10410	2
10412	0
10414	0
10416	0
10418	0
10420	0
10422	0
10424	0
10426	0
10428	0
10430	0
10432	4
10434	0
10436	0
10438	0
10440	2
10442	1
10444	0
10446	0
10448	0
10450	0
10452	0
10454	0
10456	1
10458	0
10460	0
10462	0
10464	0
10466	0
10468	0
10470	1
10472	0
10474	0
10476	0
10478	1
10480	0
10482	0
10484	2
10486	1
10488	0
10490	0
10492	1
10494	0
10496	0
10498	0
10500	0
10502	0
10504	0
10506	0
10508	0
10510	0
10512	0
10514	0
10516	2
10518	1
10520	0
10522	2
10524	1
10526	2
10528	0
10530	0
10532	0
10534	0
10536	0
10538	0
10540	0
10542	0
10544	0
10546	0
10548	1
10550	0
10552	0
10554	0
10556	0
10558	0
10560	1
10562	0
10564	3
10566	2
10568	1
10570	1
10572	1
10574	1
10576	1
10578	1
10580	1
10582	1
10584	1
10586	1
10588	0
10590	0
10592	0
10594	0
10596	0
10598	0
10600	0
10602	0
10604	0
10606	0
10608	0
10610	0
10612	0
10614	0
10616	0
10618	2
10620	0
10622	0
10624	0
10626	0
10628	1
10630	1
10632	1
10634	0
10636	0
10638	0
10640	1
10642	1
10644	0
10646	1
10648	3
10650	0
10652	0
10654	0
10656	0
10658	0
10660	0
10662	0
10664	0
10666	0
10668	0
10670	1
10672	1
10674	1
10676	1
10678	1
10680	0
10682	1
10684	1
10686	1
10688	1
10690	0
10692	0
10694	1
10696	0
10698	0
10700	0
10702	0
10704	0
10706	1
10708	0
10710	0
10712	0
10714	0
10716	0
10718	1
10720	1
10722	2
10724	1
10726	1
10728	2
10730	2
10732	1
10734	0
10736	1
10738	0
10740	0
10742	0
10744	0
10746	1
10748	0
10750	0
10752	0
10754	0
10756	0
10758	1
10760	0
10762	0
10764	0
10766	1
10768	0
10770	0
10772	0
10774	0
10776	1
10778	1
10780	1
10782	2
10784	0
10786	0
10788	0
10790	1
10792	1
10794	1
10796	1
10798	1
10800	1
10802	1
10804	1
10806	0
10808	0
10810	0
10812	0
10814	0
10816	0
10818	0
10820	0
10822	0
10824	0
10826	0
10828	0
10830	0
10832	0
10834	0
10836	0
10838	0
10840	2
10842	1
10844	1
10846	1
10848	1
10850	1
10852	0
10854	0
10856	2
10858	2
10860	1
10862	1
10864	1
10866	1
10868	1
10870	0
10872	0
10874	0
10876	0
10878	0
10880	1
10882	0
10884	0
10886	0
10888	0
10890	0
10892	0
10894	0
10896	0
10898	0
10900	0
10902	1
10904	0
10906	1
10908	1
10910	2
10912	3
10914	2
10916	0
10918	0
10920	0
10922	0
10924	0
10926	0
10928	0
10930	0
10932	0
10936	0
10938	0
10940	0
10942	0
10944	0
10946	3
10948	2
10950	4
10952	1
10954	3
10956	7
10958	0
10960	2
10962	2
10964	2
10966	3
10968	3
10970	3
10972	2
10974	1
10976	1
10978	2
10980	1
10984	1
10986	1
10988	3
10990	3
10992	3
10994	3
10996	3
10998	3
11000	3
11002	3
11004	3
11006	3
11008	3
11010	3
11012	3
11014	3
11016	4
11018	3
11020	3
11022	3
11024	2
11026	3
11028	1
11030	1
11032	1
11034	1
11036	1
11038	0
11040	0
11042	0
11044	0
11046	0
11048	2
11050	2
11052	3
11054	1
11056	1
11058	3
11060	3
11062	3
11064	3
11066	3
11068	3
11070	3
11076	2
11078	1
11080	1
11082	1
11084	1
11086	0
11088	0
11090	0
11092	0
11094	0
11096	0
11098	0
11100	0
11102	0
11104	0
11106	0
11108	2
11110	2
11112	2
11114	2
11116	2
11118	2
11120	2
11122	2
11124	1
11126	3
11128	3
11130	3
11132	1
11134	1
11136	1
11138	2
11140	2
11142	2
11144	2
11146	2
11148	1
11150	1
11152	0
11154	1
11156	0
11158	0
11160	1
11162	1
11164	1
11166	1
11168	1
11170	1
11172	1
11174	1
11176	1
11178	13
11180	4
11182	5
11184	4
11186	11
11188	4
11190	4
11192	5
11194	2
11196	16
11198	9
11200	6
11202	5
11204	5
11206	0
11208	0
11210	0
11212	0
11214	3
11216	2
11218	1
11220	1
11222	1
11224	1
11226	1
11228	1
11230	2
11232	0
11234	0
11236	2
11238	2
11240	2
11242	1
11244	1
11246	0
11248	2
11250	2
11252	1
11254	0
11256	0
11258	1
11260	0
11262	0
11264	0
11266	0
11268	0
11270	0
11272	2
11274	0
11276	0
11278	1
11280	1
11282	2
11284	1
11286	0
11288	2
11290	0
11292	0
11294	0
11296	0
11298	0
11300	0
11302	1
11304	1
11306	0
11308	0
11310	0
11312	0
11314	0
11316	0
11318	2
11320	2
11322	1
11326	0
11328	1
11330	0
11332	0
11334	0
11336	0
11338	0
11340	0
11342	0
11344	2
11346	1
11348	1
11350	0
11352	0
11354	0
11356	0
11358	0
11360	0
11362	0
11364	0
11366	0
11368	0
11370	0
11372	0
11374	0
11376	0
11378	0
11380	0
11382	0
11384	0
11386	2
11388	0
11390	1
11392	0
11394	0
11396	0
11398	0
11400	0
11402	0
11404	0
11406	0
11408	0
11410	0
11412	0
11414	0
11416	0
11418	0
11420	0
11422	1
11424	1
11426	1
11428	1
11430	1
11432	1
11434	0
11436	0
11438	0
11440	0
11442	0
11444	0
11446	0
11448	0
11450	0
11452	0
11454	0
11456	0
11458	0
11460	0
11462	0
11464	1
11466	2
11468	1
11470	1
11472	1
11474	0
11476	0
11478	0
11480	0
11482	0
11512	3
11514	4
11516	3
11518	3
11520	2
11522	3
11524	2
11526	2
11528	2
11530	2
11532	2
11552	6
11554	5
11556	5
11558	5
11560	5
11562	4
11564	3
11566	3
11568	3
11570	3
11572	3
11574	4
11576	4
11578	4
11580	3
11582	4
11584	7
11586	5
11588	4
11590	5
11592	8
11594	5
11596	6
11598	5
11600	5
11602	6
11604	5
11606	5
11610	0
11612	0
11614	0
11616	0
11618	0
11620	0
11622	0
11624	0
11626	0
11628	0
11630	0
11632	0
11634	0
11636	0
11638	0
11640	2
11642	1
11644	0
11646	1
11648	0
11650	0
11652	0
11654	0
11656	0
11658	0
11660	0
11662	1
11664	1
11666	1
11668	1
11670	2
11672	2
11674	2
11676	3
11678	2
11680	2
11682	1
11684	1
11686	1
11688	1
11690	1
11692	1
11694	1
11696	1
11698	1
11700	1
11702	1
11704	0
11706	0
11708	0
11712	11
11714	10
11716	7
11718	5
11720	7
11722	7
11724	6
11726	6
11728	6
11730	6
11732	6
11734	0
11736	0
11738	0
11740	0
11742	0
11744	0
11746	0
11748	0
11750	0
11752	0
11754	0
11756	1
11758	4
11760	2
11762	0
11764	2
11766	2
11768	1
11770	1
11772	1
11774	1
11776	0
11778	0
11780	0
11782	2
11784	2
11786	2
11788	1
11790	1
11792	1
11794	2
11796	2
11798	0
11800	0
11802	0
11804	0
11806	0
11808	0
11810	0
11812	0
11814	0
11816	0
11818	1
11820	0
11822	0
11824	0
11826	0
11828	0
11830	0
11832	1
11834	1
11836	1
11838	1
11840	0
11842	2
11844	0
11846	0
11848	0
11850	0
11852	0
11854	0
11856	1
11858	0
11860	2
11862	0
11864	5
11866	1
11868	0
11870	0
11872	0
11874	0
11876	0
11878	0
11880	0
11882	0
11884	0
11886	0
11888	1
11890	1
11892	1
11894	1
11896	1
11898	1
11900	1
11902	1
11904	1
11906	1
11908	2
11910	2
11912	2
11914	2
11916	2
11922	3
11924	3
11926	2
11928	1
11930	1
11932	0
11934	0
11936	0
11938	0
11940	0
11942	0
11944	2
11946	3
11948	3
11950	2
11952	1
11954	1
11956	8
11958	5
11960	2
11962	4
11964	3
11966	0
11968	0
11970	0
11972	0
11974	0
11976	0
11978	0
11980	0
11982	1
11984	5
11986	1
11988	1
11990	1
11992	1
11994	1
11996	3
11998	1
12000	2
12002	2
12004	1
12006	1
12008	1
12010	1
12012	1
12014	1
12016	1
12018	1
12020	1
12022	1
12024	1
12026	3
12028	3
12030	3
12032	3
12034	3
12036	3
12038	3
12040	2
12042	2
12044	1
12046	1
12048	1
12050	1
12052	1
12054	3
12056	12
12058	6
12060	6
12062	15
12064	6
12066	7
12068	7
12070	6
12072	5
12074	6
12076	6
12078	0
12080	8
12082	6
12084	2
12086	2
12088	2
12090	1
12092	1
12094	2
12096	2
12098	2
12100	2
12102	1
12104	1
12106	0
12108	0
12110	0
12112	0
12114	0
12116	0
12118	0
12120	0
12122	1
12124	1
12126	1
12128	1
12130	1
12132	1
12134	1
12136	1
12138	1
12140	0
12142	0
12144	0
12146	0
12148	2
12150	2
12152	2
12154	2
12156	2
12158	2
12160	2
12162	2
12164	2
12166	2
12168	1
12186	2
12188	2
12190	2
12192	2
12194	2
12196	2
12198	2
12200	2
12202	2
12204	2
12206	1
12208	1
12210	1
12212	1
12214	1
12216	6
12218	1
12220	1
12222	1
12224	1
12226	2
12228	2
12230	2
12232	1
12234	1
12236	0
12238	0
12240	0
12242	0
12244	0
12246	0
12248	0
12250	0
12252	0
12254	0
12256	0
12258	0
12260	0
12262	0
12264	0
12266	0
12268	0
12270	0
12272	1
12274	1
12276	1
12278	1
12280	1
12282	2
12284	1
12286	1
12288	1
12290	0
12292	1
12294	0
12296	0
12298	5
12300	0
12302	0
12304	1
12306	2
12308	1
12310	1
12312	1
12314	1
12316	0
12318	1
12320	0
12322	1
12324	1
12326	1
12328	1
12330	0
12332	1
12334	1
12336	1
12338	1
12340	1
12342	2
12344	1
12346	1
12348	1
12350	1
12352	0
12354	4
12356	2
12358	2
12360	2
12362	0
12364	0
12366	2
12368	2
12370	2
12372	2
12374	2
12376	3
12378	3
12380	2
12382	2
12384	2
12386	2
12388	2
12390	1
12392	1
12394	1
12396	1
12398	1
12400	1
12402	1
12404	1
12406	1
12408	2
12410	3
12412	4
12414	5
12416	4
12418	3
12420	3
12422	3
12424	3
12426	4
12428	4
12430	4
12432	5
12434	1
12436	0
12438	1
12440	0
12442	0
12444	0
12446	0
12448	0
12450	6
12452	4
12454	4
12456	3
12458	3
12460	0
12462	0
12464	0
12466	0
12468	1
12470	0
12472	0
12474	0
12476	0
12478	0
12480	0
12482	0
12484	0
12486	0
12488	0
12490	0
12492	0
12494	0
12496	0
12498	0
12500	0
12502	0
12504	0
12506	0
12508	0
12510	2
12512	2
12514	2
12516	0
12518	0
12520	0
12522	0
12524	0
12526	1
12528	1
12530	0
12532	0
12534	0
12536	0
12538	0
12540	0
12542	0
12544	0
12546	0
12548	1
12550	0
12552	2
12554	0
12556	0
12558	0
12560	0
12562	1
12564	0
12566	0
12568	0
12570	2
12572	2
12574	2
12576	2
12578	2
12580	2
12582	2
12584	2
12586	2
12588	3
12590	3
12592	3
12594	2
12596	2
12598	2
12600	2
12602	3
12604	3
12606	2
12608	1
12610	0
12612	0
12614	1
12616	0
12618	0
12620	0
12622	0
12624	0
12626	0
12628	0
12630	0
12632	0
12634	0
12636	0
12638	0
12640	3
12642	1
12644	1
12646	1
12648	1
12650	1
12652	1
12654	1
12656	0
12658	0
12660	0
12662	0
12664	0
12666	0
12668	0
12670	0
12672	1
12674	1
12676	1
12678	5
12680	8
12682	8
12684	8
12686	8
12688	8
12690	7
12692	7
12694	6
12696	4
12698	2
12700	0
12702	2
12704	2
12706	1
12708	0
12710	0
12714	0
12716	0
12718	0
12720	0
12722	0
12724	0
12726	0
12728	0
12730	0
12732	0
12734	0
12736	1
12738	1
12740	1
12742	1
12744	1
12746	1
12748	1
12750	1
12752	1
12754	1
12756	4
12758	4
12760	4
12762	4
12764	4
12766	4
12768	1
12770	1
12772	1
12774	1
12776	1
12778	1
12780	1
12782	1
12784	1
12786	1
12788	0
12790	0
12792	0
12794	0
12796	0
12798	0
12800	0
12802	0
12804	0
12806	0
12808	0
12810	0
12812	0
12814	0
12816	0
12818	0
12820	0
12822	0
12824	0
12826	0
12828	0
12830	0
12832	0
12834	0
12836	0
12838	0
12840	0
12842	0
12844	0
12846	0
12848	0
12850	0
12852	0
12854	0
12856	0
12858	0
12860	0
12862	0
12864	0
12866	0
12868	0
12870	0
12872	0
12874	0
12876	0
12878	0
12880	0
12882	0
12884	0
12886	0
12888	0
12890	0
12892	0
12894	0
12896	0
12898	0
12900	0
12902	0
12904	0
12906	0
12908	0
12910	1
12912	1
12914	1
12916	1
12918	1
12920	1
12922	1
12924	1
12926	1
12928	0
12930	0
12932	0
12934	0
12936	0
12938	0
12940	0
12942	0
12944	0
12946	0
12948	0
12950	0
12952	0
12954	0
12956	0
12958	0
12960	0
12962	0
12964	0
12966	0
12968	0
12970	0
12972	0
12974	0
12976	0
12978	0
12980	0
12982	0
12984	0
12986	0
12988	0
12990	0
12992	0
12994	0
12996	1
12998	1
13000	1
13002	1
13004	1
13006	1
13008	1
13010	1
13012	1
13014	1
13016	1
13018	1
13020	1
13022	1
13024	1
13026	1
13028	1
13030	1
13032	0
13034	0
13036	0
13038	0
13040	0
13042	0
13044	0
13046	0
13048	0
13050	0
13052	0
13054	0
13056	0
13058	0
13060	0
13062	0
13064	0
13066	0
13068	0
13070	0
13072	0
13074	1
13076	1
13078	1
13080	0
13082	0
13084	0
13086	0
13088	0
13090	0
13092	1
13094	0
13096	0
13098	0
13100	0
13102	0
13104	0
13106	0
13108	0
13110	0
13112	0
13114	0
13116	0
13118	1
13120	1
13122	1
13124	1
13126	1
13128	1
13130	1
13132	1
13134	1
13136	1
13138	1
13140	1
13142	1
13144	1
13146	1
13148	1
13150	1
13152	1
13154	1
13156	1
13158	1
13160	1
13162	2
13164	6
13166	5
13168	5
13170	4
13172	2
13174	2
13176	1
13178	1
13180	1
13182	1
13184	1
13186	1
13188	1
13190	0
13192	0
13194	0
13196	0
13198	0
13200	0
13202	0
13204	0
13206	1
13208	0
13210	0
13212	0
13214	0
13216	0
13218	0
13220	0
13222	0
13224	0
13226	0
13228	1
13230	0
13236	1
13238	5
13240	8
13242	5
13244	4
13246	4
13248	2
13250	2
13252	1
13254	1
13256	2
13258	1
13260	1
13262	1
13264	2
13266	0
13268	0
13270	1
13272	1
13274	0
13276	0
13278	0
13280	1
13282	2
13284	1
13286	1
13288	0
13290	0
13292	0
13294	0
13296	0
13298	0
13300	0
13302	0
13304	0
13306	0
13308	0
13310	0
13312	0
13314	1
13316	1
13318	0
13320	1
13322	0
13324	1
13326	0
13328	0
13330	0
13332	0
13334	0
13336	0
13338	0
13356	5
13358	2
13360	1
13362	2
13364	1
13366	1
13368	1
13370	1
13372	1
13374	1
13376	1
13378	1
13380	6
13382	3
13384	4
13386	3
13388	5
13390	6
13392	5
13394	5
13396	5
13398	4
13400	4
13402	4
13404	4
13406	13
13408	8
13410	10
13412	9
13414	9
13416	9
13418	9
13420	9
13422	9
13424	0
13426	0
13428	0
13430	0
13432	2
13434	1
13436	2
13438	0
13440	0
13442	0
13444	0
13446	0
13448	0
13450	1
13452	0
13454	0
13456	0
13458	0
13460	0
13462	0
13464	0
13466	0
13468	0
13470	0
13472	0
13474	0
13476	0
13478	0
13480	0
13482	0
13484	0
13486	0
13488	0
13490	0
13492	0
13494	0
13496	0
13498	0
13500	0
13502	0
13504	0
13506	0
13508	0
13510	0
13512	0
13514	0
13516	0
13518	0
13520	0
13522	0
13524	0
13526	0
13528	0
13530	0
13532	0
13534	0
13536	0
13538	0
13540	0
13542	0
13544	0
13546	0
13548	0
13550	1
13552	0
13554	0
13556	0
13594	2
13596	2
13598	2
13600	2
13602	2
13604	2
13606	2
13608	2
13610	2
13612	2
13614	2
13616	2
13618	2
13620	2
13622	2
13624	2
13626	2
13628	2
13630	2
13632	2
13634	5
13636	5
13638	3
13640	3
13642	3
13644	3
13646	3
13648	3
13650	3
13652	9
13654	2
13656	2
13658	3
13660	3
13662	2
13664	0
13666	6
13668	6
13670	6
13672	6
13674	4
13676	3
13678	3
13680	3
13682	3
13684	3
13686	0
13688	0
13690	0
13692	2
13694	2
13696	2
13698	2
13700	2
13702	2
13704	1
13706	0
13708	1
13710	1
13712	1
13714	1
13716	1
13718	1
13720	1
13722	1
13724	1
13726	1
13728	1
13730	1
13732	0
13734	0
13736	0
13738	0
13740	2
13742	2
13744	2
13746	2
13748	2
13750	2
13752	1
13754	1
13756	1
13758	1
13760	1
13762	1
13764	1
13766	0
13768	0
13770	0
13772	0
13774	0
13778	7
13780	7
13782	6
13784	6
13786	7
13788	5
13790	7
13792	6
13794	6
13796	6
13798	0
13800	0
13802	1
13804	1
13806	1
13808	1
13810	1
13812	0
13814	0
13816	0
13818	0
13820	0
13822	2
13824	1
13826	1
13828	1
13830	1
13832	1
13834	1
13836	1
13838	1
13840	1
13842	0
13844	1
13846	0
13848	1
13850	0
13852	0
13854	0
13856	0
13858	0
13860	0
13862	0
13864	0
13866	0
13868	0
13870	0
13872	0
13874	0
13876	0
13882	2
13884	2
13886	1
13888	2
13890	2
13892	2
13894	2
13896	1
13898	0
13900	1
13902	1
13904	1
13906	2
13922	0
13924	2
13926	11
13928	10
13930	4
13932	4
13934	4
13936	6
13938	2
13940	2
13942	2
13944	2
13946	2
13948	2
13950	2
13952	2
13954	3
13956	3
13958	3
13960	3
13962	3
13964	4
13970	0
13972	0
13974	0
13976	1
13978	1
13980	1
13982	1
13984	1
13986	0
13988	0
13990	0
13992	0
13994	1
13996	0
13998	0
14000	0
14002	0
14004	0
14006	0
14008	0
14010	0
14012	0
14014	0
14016	0
14018	0
14020	0
14022	0
14024	0
14026	0
14028	0
14030	0
14032	0
14034	0
14036	0
14038	0
14040	0
14042	0
14044	0
14046	0
14048	0
14050	0
14052	0
14054	0
14056	0
14058	0
14060	0
14062	0
14064	0
14066	0
14068	0
14070	0
14072	0
14074	0
14076	0
14078	0
14080	0
14082	0
14084	0
14086	0
14088	0
14090	0
14092	0
14094	0
14096	0
14098	0
14100	0
14102	1
14104	1
14106	0
14108	0
14110	0
14112	0
14114	0
14116	0
14118	0
14120	0
14122	0
14124	0
14126	0
14128	0
14130	0
14132	0
14134	0
14136	0
14138	0
14140	0
14142	0
14144	0
14146	0
14148	0
14150	0
14152	0
14154	0
14156	0
14158	1
14160	3
14162	1
14164	1
14166	1
14168	2
14170	1
14172	2
14174	3
14176	3
14178	2
14180	2
14182	2
14184	2
14186	2
14188	2
14190	2
14192	2
14194	2
14196	0
14198	7
14200	10
14202	16
14204	14
14206	8
14208	8
14210	8
14212	8
14214	6
14216	6
14218	6
14220	6
14222	1
14224	3
14226	3
14228	0
14230	2
14232	2
14234	2
14236	2
14238	3
14240	2
14242	2
14244	2
14252	0
14254	0
14256	0
14258	0
14260	0
14262	0
14264	0
14266	0
14268	0
14270	0
14272	0
14274	0
14276	1
14278	0
14280	1
14282	0
14284	0
14286	0
14288	0
14290	0
14292	0
14294	0
14302	0
14304	0
14306	1
14308	1
14310	1
14312	1
14314	1
14316	1
14318	2
14320	1
14322	0
14324	1
14326	1
14328	1
14330	1
14332	1
14334	1
14336	1
14338	1
14340	1
14342	1
14344	1
14346	0
14348	0
14350	0
14352	0
14354	0
14356	0
14358	1
14360	1
14362	3
14364	0
14366	1
14368	0
14370	1
14372	1
14374	1
14376	1
14378	1
14382	0
14384	1
14386	0
14388	0
14390	0
14392	0
14394	0
14396	0
14398	0
14400	0
14402	1
14404	0
14406	0
14408	0
14410	0
14412	1
14414	0
14416	0
14418	0
14420	1
14422	0
14424	0
14426	0
14428	0
14430	0
14432	0
14434	0
14436	0
14438	0
14440	0
14442	0
14444	0
14446	0
14448	1
14450	0
14452	0
14454	3
14456	3
14458	6
14460	4
14462	4
14464	5
14466	4
14468	2
14470	2
14472	2
14474	2
14476	1
14478	1
14480	1
14482	1
14484	1
14486	1
14488	0
14490	2
14492	1
14494	1
14496	1
14498	1
14500	1
14502	1
14504	1
14506	1
14508	1
14510	1
14512	1
14514	0
14516	0
14518	0
14520	0
14522	0
14524	0
14526	0
14528	0
14530	0
14532	0
14534	0
14536	0
14538	2
14542	0
14544	0
14546	0
14548	0
14550	0
14552	0
14570	2
14572	2
14574	2
14576	2
14578	2
14580	2
14582	2
14584	2
14586	1
14588	1
14590	1
14592	2
14594	2
14596	2
14598	2
14600	1
14602	1
14604	1
14606	1
14608	1
14610	1
14612	0
14614	0
14616	1
14618	0
14620	1
14622	0
14624	0
14626	0
14628	0
14630	1
14632	1
14634	1
14636	1
14638	1
14640	1
14642	1
14644	1
14646	1
14648	1
14650	0
14662	1
14664	2
14666	2
14668	2
14670	2
14672	8
14674	8
14676	11
14678	14
14680	10
14682	0
14684	0
14686	0
14688	0
14690	0
14692	0
14694	0
14696	0
14698	0
14700	0
14702	0
14704	0
14706	0
14708	0
14710	0
14712	0
14714	0
14716	0
14718	0
14720	0
14722	0
14724	0
14726	0
14728	0
14730	0
14732	0
14734	0
14736	1
14738	1
14740	1
14742	0
14744	0
14746	0
14748	0
14750	0
14752	0
14754	0
14756	0
14758	0
14760	0
14762	0
14764	0
14766	0
14768	0
14772	1
14774	1
14776	2
14778	2
14780	2
14782	1
14784	0
14786	0
14788	0
14790	0
14792	0
14794	0
14796	0
14798	0
14800	0
14802	0
14804	0
14806	0
14808	0
14812	5
14814	5
14816	6
14818	6
14820	11
14822	7
14824	6
14826	4
14828	4
14830	3
14832	3
14834	3
14836	2
14838	2
14840	2
14842	2
14844	2
14846	2
14848	1
14850	0
14852	0
14854	0
14856	0
14858	0
14860	0
14862	0
14864	0
14866	0
14868	0
14870	4
14872	2
14874	2
14876	2
14878	2
14880	3
14882	1
14884	1
14886	0
14888	3
14890	2
14892	1
14894	1
14896	1
14898	1
14900	1
14902	1
14904	1
14906	1
14908	0
14910	4
14912	1
14914	1
14916	0
14918	0
14920	0
14922	0
14924	0
14926	0
14928	0
14930	0
14932	0
14934	0
14936	1
14938	1
14940	1
14942	1
14944	0
14946	0
14948	0
14950	0
14952	0
14954	0
14956	0
14958	0
14960	0
14962	0
14964	2
14966	2
14968	2
14970	2
14972	1
14974	1
14976	1
14978	1
14980	1
14982	1
14984	3
14986	3
14988	3
14990	3
14992	3
14994	2
14996	1
14998	1
15000	1
15002	1
15004	1
15006	1
15008	1
15010	2
15012	2
15014	4
15016	3
15018	3
15020	3
15022	4
15024	4
15026	3
15028	2
15030	7
15032	6
15034	4
15036	4
15038	4
15040	3
15042	3
15044	3
15046	3
15050	2
15052	2
15054	2
15056	2
15058	2
15060	2
15062	2
15064	2
15066	2
15068	2
15070	2
15072	2
15074	1
15076	0
15078	0
15080	0
15082	0
15084	0
15086	0
15088	0
15090	0
15092	0
15094	0
15096	0
15098	0
15100	0
15102	0
15104	0
15106	0
15108	0
15110	0
15112	0
15114	0
15116	0
15118	0
15120	0
15122	0
15124	0
15126	0
15138	0
15140	1
15142	1
15144	1
15146	1
15148	1
15150	1
15152	1
15154	1
15156	1
15158	1
15160	1
15162	1
15164	1
15166	1
15168	1
15170	1
15172	1
15174	1
15176	1
15178	1
15180	1
15182	1
15184	1
15186	0
15188	1
15190	1
15192	1
15194	3
15196	1
15198	1
15200	1
15202	1
15204	2
15206	2
15208	1
15210	1
15212	1
15214	1
15216	1
15218	1
15220	4
15222	4
15224	5
15226	5
15228	5
15230	5
15232	5
15234	5
15236	5
15238	5
15240	0
15242	0
15244	0
15246	0
15248	0
15250	0
15252	0
15254	0
15256	0
15258	0
15260	0
15262	0
15268	0
15270	0
15272	0
15274	1
15276	1
15278	0
15280	0
15282	0
15284	0
15286	0
15288	0
15290	0
15292	0
15294	0
15296	0
15298	0
15300	0
15302	0
15304	0
15306	0
15308	1
15310	0
15312	1
15314	0
15316	0
15318	0
15320	1
15322	1
15324	1
15326	1
15328	0
15330	0
15332	0
15334	0
15336	0
15338	0
15340	1
15342	2
15344	2
15354	0
15356	0
15358	1
15360	1
15362	1
15364	1
15366	1
15368	1
15370	1
15372	1
15374	1
15376	1
15378	1
15380	1
15382	1
15384	1
15386	1
15388	1
15390	1
15392	1
15394	1
15396	7
15398	9
15400	13
15402	13
15404	13
15406	13
15408	12
15410	11
15412	11
15414	11
15416	11
15418	9
15426	1
15428	1
15430	1
15432	1
15434	1
15436	1
15438	1
15440	1
15442	1
15444	1
15446	1
15448	1
15450	1
15452	1
15454	0
15456	1
15458	1
15460	1
15462	1
15464	1
15466	1
15468	1
15470	1
15472	1
15474	1
15476	1
15482	1
15484	1
15486	1
15488	1
15490	1
15492	1
15494	1
15496	1
15498	1
15500	1
15502	1
15504	1
15506	0
15508	1
15510	1
15512	1
15514	1
15516	1
15518	1
15520	1
15522	1
15524	0
15526	0
15528	2
15530	1
15532	1
15534	1
15536	3
15538	3
15540	4
15542	4
15544	5
15546	4
15548	5
15550	4
15552	4
15554	4
15556	3
15558	3
15560	3
15562	3
